[gd_scene load_steps=65 format=3 uid="uid://db6ieujpiy73q"]

[ext_resource type="Script" path="res://scenes/main_scene/upper_ground.gd" id="1_0iia1"]
[ext_resource type="PackedScene" uid="uid://bnt1aqmoo4cw" path="res://scenes/player/ground_hog.tscn" id="1_b6dm5"]
[ext_resource type="MeshLibrary" uid="uid://cbufi4a8vv2i1" path="res://scenes/environment/mesh_lib/MeshLibrary.tres" id="1_robfa"]
[ext_resource type="Script" path="res://scenes/main_scene/world.gd" id="1_v2r77"]
[ext_resource type="PackedScene" uid="uid://yah42mh215ia" path="res://scenes/player/dirt_lump.tscn" id="2_if6fa"]
[ext_resource type="PackedScene" uid="uid://xnxdla6g3vtd" path="res://scenes/player/obstacle_clearer.tscn" id="4_kxly0"]
[ext_resource type="PackedScene" uid="uid://ckws1qvsqkhv6" path="res://scenes/golfers/individuals/golfer_picker_upper.tscn" id="4_sn38s"]
[ext_resource type="PackedScene" uid="uid://d1vvmsvinguvr" path="res://scenes/environment/wall/brick_wall_pillar.tscn" id="5_180vv"]
[ext_resource type="PackedScene" uid="uid://bltxires7oi0u" path="res://scenes/environment/golf_tee.tscn" id="5_eb384"]
[ext_resource type="PackedScene" uid="uid://b405n7h8xvh55" path="res://scenes/golfers/individuals/golfer_swinger.tscn" id="5_nep4w"]
[ext_resource type="Script" path="res://scenes/main_scene/floor_ball_counter.gd" id="5_ovem5"]
[ext_resource type="PackedScene" uid="uid://buvqi40uk6vqb" path="res://scenes/environment/interactable/golf_ball.tscn" id="6_figgh"]
[ext_resource type="PackedScene" uid="uid://uals5nognm5c" path="res://scenes/environment/wall/brick_wall_section.tscn" id="6_w7cal"]
[ext_resource type="PackedScene" uid="uid://bwkaxu1or8kgd" path="res://scenes/environment/wall/gate.tscn" id="7_2jnrk"]
[ext_resource type="PackedScene" uid="uid://okues4712uh" path="res://scenes/environment/bush.tscn" id="7_8t7xo"]
[ext_resource type="Script" path="res://scenes/main_scene/camera_3d.gd" id="8_h4qvh"]
[ext_resource type="PackedScene" uid="uid://np0vw36v8swo" path="res://scenes/environment/mud/mud_pit.tscn" id="8_in42m"]
[ext_resource type="PackedScene" uid="uid://cmpbhj8q7u8lu" path="res://scenes/environment/hole.tscn" id="9_whhha"]
[ext_resource type="Script" path="res://scenes/main_scene/lake.gd" id="10_2rbjj"]
[ext_resource type="PackedScene" uid="uid://dx1i63pbpp6v" path="res://scenes/environment/ornamental_golf_cart.tscn" id="11_l3ify"]
[ext_resource type="PackedScene" uid="uid://dpbj73p8amv1x" path="res://scenes/ui/tutorial/show_button_area.tscn" id="11_r0ekm"]
[ext_resource type="Script" path="res://scenes/main_scene/intro_guitar_lick.gd" id="14_1p7p6"]
[ext_resource type="AudioStream" uid="uid://7op1o5iyg1yy" path="res://audio/ambient-music-sounds/intro guitar.wav" id="14_s3jqc"]
[ext_resource type="PackedScene" uid="uid://bpiu14v1sey5r" path="res://scenes/environment/interactable/crate_with_balls.tscn" id="15_3jqbs"]
[ext_resource type="PackedScene" uid="uid://dt1ujuk8yk5ts" path="res://scenes/environment/toxic_spill.tscn" id="15_woesy"]
[ext_resource type="PackedScene" uid="uid://4rtr770dm2y7" path="res://scenes/environment/interactable/crate.tscn" id="16_jryvw"]
[ext_resource type="PackedScene" uid="uid://cli2uvnbgvg6n" path="res://models/golf-bag.glb" id="18_dgp7q"]
[ext_resource type="PackedScene" uid="uid://6y32g5pik4c3" path="res://scenes/ui/hud.tscn" id="18_wsg20"]
[ext_resource type="PackedScene" uid="uid://d3ftdeefohon5" path="res://scenes/environment/interactable/wine/wine_bottle.tscn" id="19_awdgr"]
[ext_resource type="PackedScene" uid="uid://bevovdahq7i11" path="res://scenes/golfers/individuals/golfer_radio_manager.tscn" id="20_vrukk"]
[ext_resource type="PackedScene" uid="uid://blji2o1gp7qjk" path="res://scenes/golfers/individuals/dancing_worker_2.tscn" id="21_56di6"]
[ext_resource type="PackedScene" uid="uid://b6h74any2q06d" path="res://models/flag.glb" id="21_juk1e"]
[ext_resource type="Script" path="res://scenes/main_scene/radio_area.gd" id="22_duoyc"]
[ext_resource type="PackedScene" uid="uid://ce7qgvjpmvrbj" path="res://scenes/environment/purple_golf_ball.tscn" id="22_tr7vf"]
[ext_resource type="PackedScene" uid="uid://63sn7aw2pf6p" path="res://scenes/environment/interactable/radio.tscn" id="23_d2gv3"]
[ext_resource type="PackedScene" uid="uid://ddns455j4hafe" path="res://scenes/environment/breakable_picnic_table.tscn" id="24_j1eqy"]
[ext_resource type="PackedScene" uid="uid://bulcju0x1fgh5" path="res://scenes/environment/picnic_bench.tscn" id="24_y1cha"]
[ext_resource type="PackedScene" uid="uid://cpvfthi812k8d" path="res://scenes/golfers/individuals/dancing_worker.tscn" id="26_3wuid"]
[ext_resource type="PackedScene" uid="uid://uuhie6f5om6g" path="res://scenes/environment/toxic_barrel.tscn" id="26_p7efo"]
[ext_resource type="PackedScene" uid="uid://bw6rtroebno68" path="res://scenes/environment/toxic_barrel_open.tscn" id="27_b7d4a"]
[ext_resource type="PackedScene" uid="uid://cmoxaoewwnxjc" path="res://scenes/environment/toxic_barrel_enterable.tscn" id="28_fk1r3"]
[ext_resource type="PackedScene" uid="uid://bo5uq1t4puaes" path="res://scenes/environment/rock.tscn" id="29_vyo0j"]
[ext_resource type="PackedScene" uid="uid://bqcnu6smrxwu2" path="res://scenes/environment/drink_station.tscn" id="43_nj0kw"]

[sub_resource type="ProceduralSkyMaterial" id="ProceduralSkyMaterial_15tv3"]
sky_top_color = Color(0.302046, 0.445495, 0.698011, 1)
sky_horizon_color = Color(0.499552, 0.689335, 0.758045, 1)

[sub_resource type="Sky" id="Sky_3pk0y"]
sky_material = SubResource("ProceduralSkyMaterial_15tv3")

[sub_resource type="Environment" id="Environment_nfbip"]
background_mode = 2
sky = SubResource("Sky_3pk0y")
ambient_light_source = 2
ambient_light_color = Color(1, 1, 1, 1)

[sub_resource type="BoxShape3D" id="BoxShape3D_pdaf2"]
size = Vector3(40, 1, 40)

[sub_resource type="StandardMaterial3D" id="StandardMaterial3D_0vkef"]
albedo_color = Color(0.411033, 0.488192, 0.787542, 1)

[sub_resource type="BoxMesh" id="BoxMesh_twu4j"]
material = SubResource("StandardMaterial3D_0vkef")
size = Vector3(3, 1, 3)

[sub_resource type="ConvexPolygonShape3D" id="ConvexPolygonShape3D_xbeqf"]
points = PackedVector3Array(1.45426, 0.5, 1.45426, -1.45426, -0.5, -1.45426, -1.45426, -0.5, 1.45426, -1.45426, 0.5, -1.45426, 1.45426, -0.5, -1.45426, -1.45426, 0.5, 1.45426, 1.45426, -0.5, 1.45426, 1.45426, 0.5, -1.45426)

[sub_resource type="CylinderShape3D" id="CylinderShape3D_xgx1n"]
radius = 2.40909

[sub_resource type="CylinderShape3D" id="CylinderShape3D_pdrko"]
radius = 1.6246

[sub_resource type="BoxShape3D" id="BoxShape3D_p8t4k"]
size = Vector3(8.59857, 2.94092, 4.23169)

[sub_resource type="StandardMaterial3D" id="StandardMaterial3D_656sy"]
albedo_color = Color(0.433472, 0.747403, 0.316281, 1)

[sub_resource type="SphereMesh" id="SphereMesh_a45bf"]
material = SubResource("StandardMaterial3D_656sy")

[sub_resource type="PhysicsMaterial" id="PhysicsMaterial_fdefp"]
bounce = 0.5

[sub_resource type="Curve3D" id="Curve3D_ctljx"]
_data = {
"points": PackedVector3Array(0, 0, 0, 0, 0, 0, 12.6314, 0, 11.7842, 0, 0, 0, 0, 0, 0, 12.2698, 0, 13.1459, 1.10925, 0, 1.31689, -1.10925, 0, -1.31689, 8.31864, 0, 12.4029, -0.452796, 0, 0.254769, 0.452796, 0, -0.254769, 7.14343, 0, 7.09274, 0, 0, 0, 0, 0, 0, 8.53627, 0, 8.61616),
"tilts": PackedFloat32Array(0, 0, 0, 0, 0)
}
point_count = 5

[sub_resource type="Curve3D" id="Curve3D_phe4s"]
_data = {
"points": PackedVector3Array(0, 0, 0, 0, 0, 0, 7.236, 0, 7.378, -1.02943, 0, 0.325085, 1.02943, 0, -0.325085, 7.595, 0, 4.125, 0, 0, 0, 0, 0, 0, 12.9787, 0, 3.07275, 0.162542, 0, 0.514717, -0.162542, 0, -0.514717, 12.9787, 0, 2.04332, 0, 0, 0, 0, 0, 0, 12.193, 0, 1.31188, 0.216721, 0, -1.00234, -0.216721, 0, 1.00234, 8.69837, 0, 2.80185),
"tilts": PackedFloat32Array(0, 0, 0, 0, 0, 0)
}
point_count = 6

[sub_resource type="Curve3D" id="Curve3D_7lhmo"]
_data = {
"points": PackedVector3Array(0, 0, 0, 0, 0, 0, 13.0792, 0, 6.97092, 0.580434, 0, -0.580434, -0.580434, 0, 0.580434, 12.7036, 0, 8.3025, 0, 0, 0, 0, 0, 0, 10.3989, 0, 8.50736, 0, 0, 0, 0, 0, 0, 12.089, 0, 7.96107),
"tilts": PackedFloat32Array(0, 0, 0, 0)
}
point_count = 4

[sub_resource type="SphereShape3D" id="SphereShape3D_bi5mu"]
radius = 0.402064

[sub_resource type="BoxShape3D" id="BoxShape3D_io5of"]
size = Vector3(1, 4, 7.6001)

[sub_resource type="BoxShape3D" id="BoxShape3D_xn36h"]
size = Vector3(8.75012, 1, 8.26929)

[sub_resource type="BoxShape3D" id="BoxShape3D_uehb6"]
size = Vector3(8.08197, 6.21088, 9.02783)

[sub_resource type="BoxShape3D" id="BoxShape3D_xcj8d"]
size = Vector3(2.2061, 17.0382, 30.8837)

[node name="World" type="Node3D"]
script = ExtResource("1_v2r77")

[node name="WorldEnvironment" type="WorldEnvironment" parent="."]
environment = SubResource("Environment_nfbip")

[node name="Hud" parent="." instance=ExtResource("18_wsg20")]

[node name="DirectionalLight3D" type="DirectionalLight3D" parent="."]
transform = Transform3D(1, 0, 0, 0, -0.0282007, 0.999602, 0, -0.999602, -0.0282007, 0, 10.7994, 0)
shadow_enabled = true

[node name="GridMap" type="GridMap" parent="."]
transform = Transform3D(1, 0, 0, 0, 1, 0, 0, 0, 1, -0.6, -2.5, 0.2)
mesh_library = ExtResource("1_robfa")
cell_size = Vector3(3, 3, 3)
collision_layer = 4
collision_mask = 0
data = {
"cells": PackedInt32Array(0, 65533, 0, 0, 65532, 0, 65535, 65531, 0, 65535, 65532, 0, 65535, 65533, 0, 65535, 65534, 0, 0, 65534, 0, 65535, 65535, 0, 65535, 0, 0, 65535, 1, 0, 65535, 2, 0, 65535, 3, 0, 65535, 4, 0, 0, 4, 0, 0, 3, 0, 1, 3, 0, 2, 2, 0, 3, 2, 0, 2, 1, 1, 1, 1, 0, 0, 1, 0, 0, 0, 0, 0, 65535, 0, 0, 2, 0, 2, 0, 0, 3, 65535, 0, 2, 65535, 0, 2, 65534, 0, 1, 65534, 0, 1, 65535, 0, 1, 0, 0, 4, 0, 0, 1, 2, 0, 5, 0, 0, 2, 3, 0, 4, 2, 0, 5, 2, 0, 1, 4, 0, 4, 3, 0, 3, 3, 0, 4, 4, 0, 2, 4, 0, 3, 4, 0, 65534, 65529, 0, 65534, 65530, 0, 65534, 65531, 0, 65534, 65532, 0, 65534, 65533, 0, 65534, 65534, 0, 65534, 65535, 0, 65534, 0, 0, 65534, 1, 0, 65534, 2, 0, 65534, 3, 0, 65534, 4, 0, 65534, 5, 0, 65535, 5, 0, 0, 5, 0, 1, 5, 0, 2, 5, 0, 3, 5, 0, 4, 5, 0, 4, 6, 0, 4, 7, 0, 3, 7, 0, 2, 7, 0, 65534, 7, 0, 65534, 6, 0, 65535, 6, 0, 0, 6, 0, 1, 6, 0, 2, 6, 0, 1, 7, 0, 0, 7, 0, 3, 6, 0, 65534, 8, 0, 65535, 8, 0, 65535, 7, 0, 0, 8, 0, 1, 8, 0, 2, 8, 0, 3, 8, 0, 4, 8, 0, 1, 9, 0, 0, 9, 0, 65535, 9, 0, 65534, 9, 0, 65533, 8, 0, 65533, 9, 0, 65532, 8, 0, 65532, 7, 0, 65532, 6, 0, 65533, 6, 0, 65533, 5, 0, 65533, 4, 0, 65533, 3, 0, 65533, 2, 0, 65533, 1, 0, 65533, 0, 0, 65533, 65535, 0, 65532, 5, 0, 65533, 7, 0, 65532, 4, 0, 65532, 3, 0, 65532, 2, 0, 65532, 1, 0, 65532, 0, 0, 65532, 65535, 0, 65532, 65534, 0, 65532, 65533, 0, 65532, 65532, 0, 65532, 65531, 0, 65532, 65530, 0, 65533, 65530, 0, 65533, 65529, 0, 65533, 65531, 0, 65533, 65532, 0, 65533, 65533, 0, 65533, 65534, 0, 65534, 65528, 0, 65534, 65527, 0, 65535, 65528, 0, 65535, 65527, 0, 0, 65528, 0, 1, 65528, 0, 2, 65528, 0, 3, 65528, 0, 3, 65529, 0, 2, 65529, 0, 0, 65529, 0, 65535, 65529, 0, 2, 65530, 0, 3, 65530, 0, 4, 65530, 0, 4, 65531, 0, 3, 65531, 0, 3, 65532, 1, 4, 65532, 0, 4, 65533, 0, 3, 65533, 0, 3, 65534, 0, 4, 65535, 0, 5, 65534, 0, 5, 65533, 0, 5, 3, 0, 5, 5, 0, 5, 6, 0, 5, 1, 0, 5, 65535, 0, 5, 4, 0, 5, 65532, 0, 5, 65531, 0, 5, 65530, 0, 5, 65529, 0, 4, 65529, 0, 4, 65528, 0, 4, 65527, 0, 5, 65527, 0, 5, 65528, 0, 4, 65526, 0, 5, 65526, 0, 3, 65527, 0, 2, 65527, 0, 1, 65527, 0, 1, 65526, 0, 2, 65526, 0, 3, 65526, 0, 0, 65526, 0, 65533, 65527, 0, 65533, 65526, 0, 65534, 65526, 0, 65535, 65525, 0, 0, 65525, 0, 65535, 65526, 0, 65532, 65526, 0, 65532, 65527, 0, 65532, 65528, 0, 65532, 65529, 0, 65533, 65525, 0, 65534, 65525, 0, 65533, 65528, 0, 0, 65527, 0, 2, 65533, 0, 4, 65534, 0, 1, 65529, 0, 1, 65530, 0, 65535, 65530, 0, 0, 65531, 0, 0, 65530, 0, 1, 65531, 0, 20, 65532, 0, 3, 0, 0, 3, 1, 0, 4, 1, 0, 1, 65533, 1, 1, 65532, 2, 2, 65532, 0, 2, 65531, 0)
}
script = ExtResource("1_0iia1")
dirt_lump_scene = ExtResource("2_if6fa")
obstacle_clear_scene = ExtResource("4_kxly0")
metadata/_editor_floor_ = Vector3(0, 0, 0)

[node name="Hole2" parent="GridMap" instance=ExtResource("9_whhha")]
transform = Transform3D(1, 0, 0, 0, 1, 0, 0, 0, 1, 4.53256, 1.87036, -10.4987)

[node name="MudPit" parent="GridMap" instance=ExtResource("8_in42m")]
transform = Transform3D(1, 0, 0, 0, 1, 0, 0, 0, 1, 4.47704, 1.58261, -7.53197)

[node name="MudPit2" parent="GridMap" instance=ExtResource("8_in42m")]
transform = Transform3D(1, 0, 0, 0, 1, 0, 0, 0, 1, 7.45734, 1.58261, 4.47389)

[node name="FloorBallCounter" type="Area3D" parent="GridMap"]
collision_layer = 0
collision_mask = 8
script = ExtResource("5_ovem5")

[node name="CollisionShape3D" type="CollisionShape3D" parent="GridMap/FloorBallCounter"]
transform = Transform3D(1, 0, 0, 0, 1, 0, 0, 0, 1, 3.71262, 2.1167, -4.93481)
shape = SubResource("BoxShape3D_pdaf2")

[node name="Lake" type="Area3D" parent="GridMap"]
transform = Transform3D(1, 0, 0, 0, 1, 0, 0, 0, 1, 9.25787, 0, -13.3291)
collision_layer = 0
collision_mask = 8
script = ExtResource("10_2rbjj")

[node name="Lake" type="MeshInstance3D" parent="GridMap/Lake"]
transform = Transform3D(0.999962, 0.00872654, 0, -0.00872654, 0.999962, 0, 0, 0, 1, 1.16613, 1.975, 3.1201)
mesh = SubResource("BoxMesh_twu4j")
skeleton = NodePath("../..")

[node name="CollisionShape3D" type="CollisionShape3D" parent="GridMap/Lake"]
transform = Transform3D(0.999962, 0.00872654, 0, -0.00872654, 0.999962, 0, 0, 0, 1, 1.16613, 1.975, 3.1201)
shape = SubResource("ConvexPolygonShape3D_xbeqf")

[node name="GroundHog" parent="." instance=ExtResource("1_b6dm5")]
transform = Transform3D(1, 0, 0, 0, 1, 0, 0, 0, 1, 3.10522, 0.24725, 13.811)

[node name="CameraPivot" type="Node3D" parent="GroundHog"]
transform = Transform3D(1, 0, 0, 0, 1, 0, 0, 0, 1, 0.46521, 0, 0.320067)

[node name="Camera3D" type="Camera3D" parent="GroundHog/CameraPivot"]
process_mode = 3
transform = Transform3D(0.966565, -0.128863, 0.221693, -4.26952e-09, 0.864556, 0.502537, -0.256425, -0.485734, 0.835649, 2.16875, 6.92833, 10.5323)
projection = 1
current = true
fov = 13.0
size = 3.8
far = 50.92
script = ExtResource("8_h4qvh")

[node name="Environment" type="Node3D" parent="."]

[node name="PurpleGolfBalls" type="Node3D" parent="Environment"]

[node name="PurpleGolfBall" parent="Environment/PurpleGolfBalls" instance=ExtResource("22_tr7vf")]
transform = Transform3D(-0.840825, 0.0278049, -0.540593, -0.0330505, -0.999454, 1.86163e-09, -0.540297, 0.0178669, 0.841284, -0.755248, 0.238526, 7.33199)

[node name="PurpleGolfBall2" parent="Environment/PurpleGolfBalls" instance=ExtResource("22_tr7vf")]
transform = Transform3D(-0.840825, 0.0278049, -0.540593, -0.0330505, -0.999454, 1.86163e-09, -0.540297, 0.0178669, 0.841284, 10.7039, 0.238526, 0.39571)

[node name="PurpleGolfBall3" parent="Environment/PurpleGolfBalls" instance=ExtResource("22_tr7vf")]
transform = Transform3D(-0.840825, 0.0278049, -0.540593, -0.0330505, -0.999454, 1.86163e-09, -0.540297, 0.0178669, 0.841284, 11.3405, 0.238526, 4.60604)

[node name="PurpleGolfBall4" parent="Environment/PurpleGolfBalls" instance=ExtResource("22_tr7vf")]
transform = Transform3D(-0.840825, 0.0278049, -0.540593, -0.0330505, -0.999454, 1.86163e-09, -0.540297, 0.0178669, 0.841284, 12.9544, 0.238526, 10.4515)

[node name="StartScenario" type="Node3D" parent="Environment"]
transform = Transform3D(1, 0, 0, 0, 1, 0, 0, 0, 1, -3.93401, 0, 13.6413)

[node name="Tutorial" type="Node3D" parent="Environment/StartScenario"]

[node name="ShowButtonArea" parent="Environment/StartScenario/Tutorial" instance=ExtResource("11_r0ekm")]
transform = Transform3D(1, 0, 0, 0, 1, 0, 0, 0, 1, 7.22003, 0, 2.24908)
text_to_show = "Hold space to dig"

[node name="CollisionShape3D" type="CollisionShape3D" parent="Environment/StartScenario/Tutorial/ShowButtonArea"]
transform = Transform3D(1, 0, 0, 0, 1, 0, 0, 0, 1, 0.481993, 0, 0.478453)
shape = SubResource("CylinderShape3D_xgx1n")

[node name="ShowButtonArea2" parent="Environment/StartScenario/Tutorial" instance=ExtResource("11_r0ekm")]
transform = Transform3D(1, 0, 0, 0, 1, 0, 0, 0, 1, -0.56735, -0.0697021, 2.42354)
text_to_show = "Press \"J\" to nudge"

[node name="CollisionShape3D" type="CollisionShape3D" parent="Environment/StartScenario/Tutorial/ShowButtonArea2"]
transform = Transform3D(1, 0, 0, 0, 1, 0, 0, 0, 1, 0.176116, 0, 0.512388)
shape = SubResource("CylinderShape3D_xgx1n")

[node name="ShowButtonArea3" parent="Environment/StartScenario/Tutorial" instance=ExtResource("11_r0ekm")]
transform = Transform3D(1, 0, 0, 0, 1, 0, 0, 0, 1, -1.27207, -0.0697021, -3.51897)
text_to_show = "Use \"WASD\" buttons to move"

[node name="CollisionShape3D" type="CollisionShape3D" parent="Environment/StartScenario/Tutorial/ShowButtonArea3"]
transform = Transform3D(1, 0, 0, 0, 1, 0, 0, 0, 1, 0.446261, 0, 0.697577)
shape = SubResource("CylinderShape3D_pdrko")

[node name="IntroGuitarLick" type="Area3D" parent="Environment/StartScenario/Tutorial"]
transform = Transform3D(1, 0, 0, 0, 1, 0, 0, 0, 1, 7.08392, 0, 0.726562)
collision_layer = 0
collision_mask = 2
script = ExtResource("14_1p7p6")

[node name="AudioStreamPlayer" type="AudioStreamPlayer" parent="Environment/StartScenario/Tutorial/IntroGuitarLick"]
stream = ExtResource("14_s3jqc")
volume_db = 10.0

[node name="CollisionShape3D" type="CollisionShape3D" parent="Environment/StartScenario/Tutorial/IntroGuitarLick"]
transform = Transform3D(1, 0, 0, 0, 1, 0, 0, 0, 1, 0.0968323, -0.751221, -1.36454)
shape = SubResource("BoxShape3D_p8t4k")

[node name="Decor" type="Node3D" parent="Environment/StartScenario"]

[node name="Bush10" parent="Environment/StartScenario/Decor" instance=ExtResource("7_8t7xo")]
transform = Transform3D(1, 0, 0, 0, 1, 0, 0, 0, 1, 0.488146, 0.121244, 0.57453)

[node name="Bush11" parent="Environment/StartScenario/Decor" instance=ExtResource("7_8t7xo")]
transform = Transform3D(1, 0, 0, 0, 1, 0, 0, 0, 1, -1.15425, 0.121244, -5.12335)

[node name="ToxicBarrel" parent="Environment/StartScenario/Decor" instance=ExtResource("26_p7efo")]
transform = Transform3D(1, 0, 0, 0, 1, 0, 0, 0, 1, 0.365053, 0, -2.23047)

[node name="ToxicBarrel5" parent="Environment/StartScenario/Decor" instance=ExtResource("26_p7efo")]
transform = Transform3D(1, 0, 0, 0, 1, 0, 0, 0, 1, 0.374945, 0, -6.125)

[node name="ToxicBarrel6" parent="Environment/StartScenario/Decor" instance=ExtResource("26_p7efo")]
transform = Transform3D(1, 0, 0, 0, 1, 0, 0, 0, 1, -0.208138, 0, -5.71643)

[node name="ToxicBarrel2" parent="Environment/StartScenario/Decor" instance=ExtResource("26_p7efo")]
transform = Transform3D(1, 0, 0, 0, 1, 0, 0, 0, 1, 0.8291, 0, -0.522339)

[node name="ToxicBarrel3" parent="Environment/StartScenario/Decor" instance=ExtResource("27_b7d4a")]
transform = Transform3D(1, 0, 0, 0, 1, 0, 0, 0, 1, -0.095459, 0, -2.73486)

[node name="ToxicSpill" parent="Environment/StartScenario/Decor" instance=ExtResource("15_woesy")]

[node name="ToxicSpill2" type="Node3D" parent="Environment/StartScenario/Decor"]
transform = Transform3D(0.7, 0, 0, 0, 0.7, 0, 0, 0, 0.7, 0.307256, -0.00927767, -2.50916)

[node name="MeshInstance3D" type="MeshInstance3D" parent="Environment/StartScenario/Decor/ToxicSpill2"]
transform = Transform3D(1, 0, 0, 0, 0.2, 0, 0, 0, 1, 0, 0, 0)
mesh = SubResource("SphereMesh_a45bf")

[node name="MeshInstance3D2" type="MeshInstance3D" parent="Environment/StartScenario/Decor/ToxicSpill2"]
transform = Transform3D(0.7, 0, 0, 0, 0.14, 0, 0, 0, 0.7, -0.458191, 0, 0.270996)
mesh = SubResource("SphereMesh_a45bf")

[node name="MeshInstance3D3" type="MeshInstance3D" parent="Environment/StartScenario/Decor/ToxicSpill2"]
transform = Transform3D(1, 0, 0, 0, 0.2, 0, 0, 0, 1, 0.050415, 0, 0.573242)
mesh = SubResource("SphereMesh_a45bf")

[node name="ToxicBarrel4" parent="Environment/StartScenario/Decor" instance=ExtResource("28_fk1r3")]
transform = Transform3D(0.936794, -0.349725, -0.0104346, 0, 0.0298233, -0.999555, 0.34988, 0.936378, 0.0279383, -0.599003, 0.287109, -3.26819)

[node name="Rock" parent="Environment/StartScenario/Decor" instance=ExtResource("29_vyo0j")]
transform = Transform3D(0.989318, 0.145772, 0, -0.145772, 0.989318, 0, 0, 0, 1, -0.279602, -0.0611572, -9.67371)

[node name="Rock2" parent="Environment/StartScenario/Decor" instance=ExtResource("29_vyo0j")]
transform = Transform3D(0.693288, -0.221988, 0.685619, 0.0808189, 0.969323, 0.232123, -0.716115, -0.105517, 0.689961, -3.3479, 0.453491, -8.27625)

[node name="Rock3" parent="Environment/StartScenario/Decor" instance=ExtResource("29_vyo0j")]
transform = Transform3D(0.264044, -0.0734559, 0.961709, -0.328852, 0.930494, 0.161361, -0.906717, -0.358867, 0.221536, -4.91718, 0.877502, -5.58618)

[node name="Rock4" parent="Environment/StartScenario/Decor" instance=ExtResource("29_vyo0j")]
transform = Transform3D(0.440477, -1.27479e-05, 0.897764, -0.328852, 0.930494, 0.161361, -0.835366, -0.366307, 0.409857, -5.81818, 0.362793, -3.08057)

[node name="Rock5" parent="Environment/StartScenario/Decor" instance=ExtResource("29_vyo0j")]
transform = Transform3D(-0.315551, -0.269309, 0.90989, -0.328852, 0.930494, 0.161361, -0.890103, -0.248302, -0.382181, -5.9646, 0.362793, -0.072876)

[node name="Rock6" parent="Environment/StartScenario/Decor" instance=ExtResource("29_vyo0j")]
transform = Transform3D(-0.334472, -0.213733, 0.917849, -0.309589, 0.944809, 0.107194, -0.890103, -0.248302, -0.382181, -5.0304, 0.362793, 2.59204)

[node name="Rock7" parent="Environment/StartScenario/Decor" instance=ExtResource("29_vyo0j")]
transform = Transform3D(-0.334472, -0.213733, 0.917849, -0.309589, 0.944809, 0.107194, -0.890103, -0.248302, -0.382181, -3.78137, 0.362793, 4.16907)

[node name="Rock8" parent="Environment/StartScenario/Decor" instance=ExtResource("29_vyo0j")]
transform = Transform3D(-0.428212, 0.168513, 0.887828, -0.156047, 0.953913, -0.25632, -0.890103, -0.248302, -0.382181, 19.8881, 0.15686, 1.39832)

[node name="Rock9" parent="Environment/StartScenario/Decor" instance=ExtResource("29_vyo0j")]
transform = Transform3D(-0.048068, 0.251858, 0.96657, -0.156047, 0.953913, -0.25632, -0.986579, -0.163151, -0.00655106, 20.4923, 0.15686, 4.03021)

[node name="Rock10" parent="Environment/StartScenario/Decor" instance=ExtResource("29_vyo0j")]
transform = Transform3D(-0.0183529, 0.0709358, 0.997312, -0.162248, 0.984048, -0.072978, -0.986579, -0.163151, -0.00655106, 20.1987, 0.15686, 6.73676)

[node name="Rock11" parent="Environment/StartScenario/Decor" instance=ExtResource("29_vyo0j")]
transform = Transform3D(-0.545653, -0.0278527, 0.837548, -0.162248, 0.984048, -0.072978, -0.822154, -0.175711, -0.541468, 18.8023, 0.15686, 9.44135)

[node name="Rock12" parent="Environment/StartScenario/Decor" instance=ExtResource("29_vyo0j")]
transform = Transform3D(-0.313161, 0.0187837, 0.949514, -0.162248, 0.984048, -0.072978, -0.935738, -0.17691, -0.305118, 16.9449, 0.844971, 11.0753)

[node name="Rock13" parent="Environment/StartScenario/Decor" instance=ExtResource("29_vyo0j")]
transform = Transform3D(-0.139729, 0.0503006, 0.988911, -0.0346562, 0.997849, -0.0556519, -0.989583, -0.0420481, -0.137685, 14.8164, 1.3634, 12.1938)

[node name="Rock14" parent="Environment/StartScenario/Decor" instance=ExtResource("29_vyo0j")]
transform = Transform3D(-0.139729, 0.0503006, 0.988911, -0.0346562, 0.997849, -0.0556519, -0.989583, -0.0420481, -0.137685, 14.8164, 1.3634, 12.1938)

[node name="Rock15" parent="Environment/StartScenario/Decor" instance=ExtResource("29_vyo0j")]
transform = Transform3D(-0.139729, 0.0503006, 0.988911, -0.0346562, 0.997849, -0.0556519, -0.989583, -0.0420481, -0.137685, 12.3731, 1.3634, 12.6705)

[node name="Rock16" parent="Environment/StartScenario/Decor" instance=ExtResource("29_vyo0j")]
transform = Transform3D(0.0561014, 0.05754, 0.996766, -0.0346562, 0.997849, -0.0556519, -0.997823, -0.031422, 0.0579747, 9.87019, 1.3634, 13.0877)

[node name="Rock17" parent="Environment/StartScenario/Decor" instance=ExtResource("29_vyo0j")]
transform = Transform3D(0.0561014, 0.05754, 0.996766, -0.0346562, 0.997849, -0.0556519, -0.997823, -0.031422, 0.0579747, 7.18852, 1.3634, 13.0281)

[node name="Rock18" parent="Environment/StartScenario/Decor" instance=ExtResource("29_vyo0j")]
transform = Transform3D(0.281854, 0.0631837, 0.957375, -0.0346562, 0.997849, -0.0556519, -0.958831, -0.0174933, 0.283437, 4.924, 1.3634, 12.7897)

[node name="Rock19" parent="Environment/StartScenario/Decor" instance=ExtResource("29_vyo0j")]
transform = Transform3D(0.281854, 0.0631837, 0.957375, -0.0346562, 0.997849, -0.0556519, -0.958831, -0.0174933, 0.283437, 2.36152, 1.3634, 12.015)

[node name="Rock20" parent="Environment/StartScenario/Decor" instance=ExtResource("29_vyo0j")]
transform = Transform3D(0.730724, 0.0632888, 0.679733, -0.0346562, 0.997849, -0.0556519, -0.681793, 0.0171092, 0.731345, -0.320145, 1.3634, 10.8232)

[node name="Rock21" parent="Environment/StartScenario/Decor" instance=ExtResource("29_vyo0j")]
transform = Transform3D(0.860562, 0.0581099, 0.50602, -0.0346562, 0.997848, -0.0556519, -0.508165, 0.0303552, 0.860724, -1.98874, 1.3634, 8.67782)

[node name="Rock22" parent="Environment/StartScenario/Decor" instance=ExtResource("29_vyo0j")]
transform = Transform3D(0.974552, 0.046082, 0.219374, -0.0346562, 0.997848, -0.0556519, -0.221466, 0.0466331, 0.974052, -3.121, 1.3634, 6.47289)

[node name="GolfBall" parent="Environment/StartScenario/Decor" instance=ExtResource("6_figgh")]
transform = Transform3D(1, 0, 0, 0, 1, 0, 0, 0, 1, -0.658386, 0, 1.83118)

[node name="GolfBall2" parent="Environment/StartScenario/Decor" instance=ExtResource("6_figgh")]
transform = Transform3D(1, 0, 0, 0, 1, 0, 0, 0, 1, -0.574707, 0, 2.34369)

[node name="GolfBall3" parent="Environment/StartScenario/Decor" instance=ExtResource("6_figgh")]
transform = Transform3D(1, 0, 0, 0, 1, 0, 0, 0, 1, 4.48438, 0, 3.94861)

[node name="GolferScenarioGolfing" type="Node3D" parent="Environment"]

[node name="GolferPickerUpper" parent="Environment/GolferScenarioGolfing" node_paths=PackedStringArray("tee_to_monitor", "ball_to_monitor") instance=ExtResource("4_sn38s")]
transform = Transform3D(1, 0, 0, 0, 1, 0, 0, 0, 1, 2.36847, 0, -2.30408)
collision_layer = 1
tee_to_monitor = NodePath("../GolfTee")
ball_to_monitor = NodePath("../GolfTee/GolfBall")

[node name="GolferSwinger" parent="Environment/GolferScenarioGolfing" node_paths=PackedStringArray("tee_to_golf") instance=ExtResource("5_nep4w")]
transform = Transform3D(-0.115995, 0, -0.99325, 0, 1, 0, 0.99325, 0, -0.115995, 3.81384, 0, -1.3031)
collision_layer = 1
tee_to_golf = NodePath("../GolfTee")

[node name="GolfTee" parent="Environment/GolferScenarioGolfing" instance=ExtResource("5_eb384")]
transform = Transform3D(1, 0, 0, 0, 1, 0, 0, 0, 1, 4.6696, -0.0059959, -1.45174)

[node name="GolfBall" parent="Environment/GolferScenarioGolfing/GolfTee" node_paths=PackedStringArray("tee", "hole", "golfer") instance=ExtResource("6_figgh")]
transform = Transform3D(1, 0, 0, 0, 1, 0, 0, 0, 1, 0, 0.172015, 0)
physics_material_override = SubResource("PhysicsMaterial_fdefp")
tee = NodePath("..")
hole = NodePath("../../../../GridMap/Hole2")
golfer = NodePath("../../GolferSwinger")

[node name="flag" parent="Environment/GolferScenarioGolfing" instance=ExtResource("21_juk1e")]
transform = Transform3D(1, 0, 0, 0, 1, 0, 0, 0, 1, 3.89246, -0.15332, -10.8748)

[node name="CrateScenario" type="Node3D" parent="Environment"]

[node name="CrateWithBalls" parent="Environment/CrateScenario" instance=ExtResource("15_3jqbs")]
transform = Transform3D(1, 0, 0, 0, 1, 0, 0, 0, 1, -1.55927, 0.0900879, 7.88269)

[node name="CrateWithBalls2" parent="Environment/CrateScenario" instance=ExtResource("15_3jqbs")]
transform = Transform3D(1, 0, 0, 0, 1, 0, 0, 0, 1, -1.56335, 0.0900879, 8.74609)

[node name="Crate" parent="Environment/CrateScenario" instance=ExtResource("16_jryvw")]
transform = Transform3D(1, 0, 0, 0, 1, 0, 0, 0, 1, -1.73474, 0, 12.2408)

[node name="Crate5" parent="Environment/CrateScenario" instance=ExtResource("16_jryvw")]
transform = Transform3D(-0.840825, 0.0278049, -0.540593, -0.0330505, -0.999454, 0, -0.540297, 0.0178669, 0.841284, -0.755248, 0.65918, 7.33199)

[node name="Crate6" parent="Environment/CrateScenario" instance=ExtResource("16_jryvw")]
transform = Transform3D(-0.835794, 0.548034, -0.0332697, -0.0205698, 0.0292979, 0.999359, 0.548658, 0.835943, -0.0132141, -1.89186, 0.65918, 13.0986)

[node name="BreakablePicnicTable" parent="Environment" instance=ExtResource("24_j1eqy")]
transform = Transform3D(-0.275403, 0, -0.961329, 0, 1, 0, 0.961329, 0, -0.275403, 9.10418, 0.00427246, 0.478027)

[node name="PicnicBench" parent="Environment/BreakablePicnicTable" instance=ExtResource("24_y1cha")]
transform = Transform3D(1, 0, 0, 0, 1, 0, 0, 0, 1, -0.0381334, 0, -1.38939)

[node name="PicnicBench2" parent="Environment/BreakablePicnicTable" instance=ExtResource("24_y1cha")]
transform = Transform3D(1, 0, 0, 0, 1, 0, 0, 0, 1, 0.0456481, 0, 1.50733)

[node name="WineBottle" parent="Environment/BreakablePicnicTable" instance=ExtResource("19_awdgr")]
transform = Transform3D(1, 0, 1.78814e-07, 0, 1, 0, -1.78814e-07, 0, 1, 0.542714, 1.04688, -0.408679)

[node name="WineScenario" type="Node3D" parent="Environment"]

[node name="DancingScenario" type="Node3D" parent="Environment"]

[node name="PeopleAndPaths" type="Node3D" parent="Environment/DancingScenario"]

[node name="DancingWorker" parent="Environment/DancingScenario/PeopleAndPaths" node_paths=PackedStringArray("radio", "dancing_spot", "path_to_follow") instance=ExtResource("26_3wuid")]
transform = Transform3D(1, 0, 0, 0, 1, 0, 0, 0, 1, 10.2968, 0, 10.9738)
radio = NodePath("../../Crate7/Radio")
dancing_spot = NodePath("../DancingWorker1DancingSpot")
path_to_follow = NodePath("../DancingWorker1Path")

[node name="DancingWorker1Path" type="Path3D" parent="Environment/DancingScenario/PeopleAndPaths"]
curve = SubResource("Curve3D_ctljx")

[node name="DancingWorker1DancingSpot" type="Node3D" parent="Environment/DancingScenario/PeopleAndPaths"]
transform = Transform3D(1, 0, 0, 0, 1, 0, 0, 0, 1, 11.3964, 0, 9.13317)

[node name="DancingWorker2DancingSpot2" type="Node3D" parent="Environment/DancingScenario/PeopleAndPaths"]
transform = Transform3D(1, 0, 0, 0, 1, 0, 0, 0, 1, 8.69562, 0, 9.29471)

[node name="GolferRadioManager" parent="Environment/DancingScenario/PeopleAndPaths" node_paths=PackedStringArray("yell_to_direction", "path_to_follow") instance=ExtResource("20_vrukk")]
transform = Transform3D(1, 0, 0, 0, 1, 0, 0, 0, 1, 7.94553, 0, 3.29187)
yell_to_direction = NodePath("../DancingWorker1DancingSpot")
path_to_follow = NodePath("../ManagerPath")
path_point_animations = Array[String](["idle-standing", "", "look in future", "", "look in future", ""])

[node name="ManagerPath" type="Path3D" parent="Environment/DancingScenario/PeopleAndPaths"]
curve = SubResource("Curve3D_phe4s")

[node name="DancingWorker2" parent="Environment/DancingScenario/PeopleAndPaths" node_paths=PackedStringArray("radio", "dancing_spot", "path_to_follow") instance=ExtResource("21_56di6")]
transform = Transform3D(1, 0, 0, 0, 1, 0, 0, 0, 1, 10.9033, 0, 8.67932)
radio = NodePath("../../Crate7/Radio")
dancing_spot = NodePath("../DancingWorker2DancingSpot2")
path_to_follow = NodePath("../DancingWorker2Path")
path_point_animations = Array[String](["looking trough files low", "", "look in future", ""])

[node name="DancingWorker2Path" type="Path3D" parent="Environment/DancingScenario/PeopleAndPaths"]
curve = SubResource("Curve3D_7lhmo")

[node name="Crate7" parent="Environment/DancingScenario" instance=ExtResource("16_jryvw")]
transform = Transform3D(-0.132548, 0.00438314, -0.991167, -0.0330505, -0.999454, -1.56701e-09, -0.990625, 0.0327586, 0.132619, 9.11586, 0.65918, 6.98052)

[node name="Radio" parent="Environment/DancingScenario/Crate7" instance=ExtResource("23_d2gv3")]
transform = Transform3D(-0.866614, -0.0330505, -0.497884, 0.0286577, -0.999453, 0.0164643, -0.498155, 3.73366e-08, 0.867089, -1.44698, 0.635328, 0.112703)

[node name="ShowButtonArea4" parent="Environment/DancingScenario/Crate7/Radio" instance=ExtResource("11_r0ekm")]
transform = Transform3D(0.608748, 2.38427e-08, 0.793364, 2.10222e-08, 1, 2.04503e-08, -0.793363, 1.5787e-08, 0.608748, 0, 0, 0)
text_to_show = "Press \"J\" to nudge"

[node name="CollisionShape3D" type="CollisionShape3D" parent="Environment/DancingScenario/Crate7/Radio/ShowButtonArea4"]
shape = SubResource("SphereShape3D_bi5mu")

[node name="PicnicBench" parent="Environment/DancingScenario" instance=ExtResource("24_y1cha")]
transform = Transform3D(1, 0, 0, 0, 1, 0, 0, 0, 1, 10.7739, 0, 7.41321)

[node name="Crate4" parent="Environment/DancingScenario" instance=ExtResource("16_jryvw")]
transform = Transform3D(-0.998405, 0.0564661, 0, -0.0564661, -0.998405, 0, 0, 0, 1, 12.8831, 0.739746, 9.42524)

[node name="Crate5" parent="Environment/DancingScenario" instance=ExtResource("16_jryvw")]
transform = Transform3D(-0.998405, 0.0564661, 0, -0.0564661, -0.998405, 0, 0, 0, 1, 12.9036, 0.739746, 10.2847)

[node name="RadioContainer" type="StaticBody3D" parent="Environment/DancingScenario"]
transform = Transform3D(1, 0, 0, 0, 1, 0, 0, 0, 1, 7.32331, 0, 9.85315)
collision_layer = 1024
collision_mask = 0

[node name="CollisionShape3D" type="CollisionShape3D" parent="Environment/DancingScenario/RadioContainer"]
transform = Transform3D(1, 0, 0, 0, 1, 0, 0, 0, 1, -1.2832, 1.81628, -0.137085)
shape = SubResource("BoxShape3D_io5of")

[node name="CollisionShape3D2" type="CollisionShape3D" parent="Environment/DancingScenario/RadioContainer"]
transform = Transform3D(1, 0, 0, 0, 1, 0, 0, 0, 1, 6.28429, 1.81628, 0.583483)
shape = SubResource("BoxShape3D_io5of")

[node name="CollisionShape3D3" type="CollisionShape3D" parent="Environment/DancingScenario/RadioContainer"]
transform = Transform3D(-4.37114e-08, 0, -1, 0, 1, 0, 1, 0, -4.37114e-08, 2.86719, 1.81628, -3.64841)
shape = SubResource("BoxShape3D_io5of")

[node name="CollisionShape3D4" type="CollisionShape3D" parent="Environment/DancingScenario/RadioContainer"]
transform = Transform3D(-4.37114e-08, 0, -1, 0, 1, 0, 1, 0, -4.37114e-08, 2.33936, 1.81628, 3.02334)
shape = SubResource("BoxShape3D_io5of")

[node name="lid" type="CollisionShape3D" parent="Environment/DancingScenario/RadioContainer"]
transform = Transform3D(-4.37114e-08, 0, -1, 0, 1, 0, 1, 0, -4.37114e-08, 2.44031, 4.12312, 0.594501)
shape = SubResource("BoxShape3D_xn36h")

[node name="RadioArea" type="Area3D" parent="Environment/DancingScenario/RadioContainer" node_paths=PackedStringArray("radio")]
transform = Transform3D(1, 0, 0, 0, 1, 0, 0, 0, 1, 2.56419, 0, 0.593203)
collision_layer = 0
collision_mask = 192
script = ExtResource("22_duoyc")
radio = NodePath("../../Crate7/Radio")

[node name="CollisionShape3D" type="CollisionShape3D" parent="Environment/DancingScenario/RadioContainer/RadioArea"]
transform = Transform3D(1, 0, 0, 0, 1, 0, 0, 0, 1, 0.195221, 0.654205, 0.408447)
shape = SubResource("BoxShape3D_uehb6")

[node name="Other" type="Node3D" parent="Environment"]

[node name="Decorations" type="Node3D" parent="Environment/Other"]

[node name="Bush" parent="Environment/Other/Decorations" instance=ExtResource("7_8t7xo")]
transform = Transform3D(1, 0, 0, 0, 1, 0, 0, 0, 1, 1.32161, 0.121244, 16.9972)

[node name="Bush3" parent="Environment/Other/Decorations" instance=ExtResource("7_8t7xo")]
transform = Transform3D(1, 0, 0, 0, 1, 0, 0, 0, 1, -1.16027, 0.121244, 6.01784)

[node name="Bush7" parent="Environment/Other/Decorations" instance=ExtResource("7_8t7xo")]
transform = Transform3D(1, 0, 0, 0, 1, 0, 0, 0, 1, -1.13155, 0.121244, -12.2888)

[node name="Bush8" parent="Environment/Other/Decorations" instance=ExtResource("7_8t7xo")]
transform = Transform3D(1, 0, 0, 0, 1, 0, 0, 0, 1, 12.8497, 0.121244, -12.5889)

[node name="Bush9" parent="Environment/Other/Decorations" instance=ExtResource("7_8t7xo")]
transform = Transform3D(1, 0, 0, 0, 1, 0, 0, 0, 1, 1.15724, 0.121244, -12.3896)

[node name="Bush4" parent="Environment/Other/Decorations" instance=ExtResource("7_8t7xo")]
transform = Transform3D(1, 0, 0, 0, 1, 0, 0, 0, 1, 1.02667, 0.121244, 6.01009)

[node name="Bush5" parent="Environment/Other/Decorations" instance=ExtResource("7_8t7xo")]
transform = Transform3D(1, 0, 0, 0, 1, 0, 0, 0, 1, 12.7245, 0.121244, 6.04891)

[node name="Bush6" parent="Environment/Other/Decorations" instance=ExtResource("7_8t7xo")]
transform = Transform3D(1, 0, 0, 0, 1, 0, 0, 0, 1, 10.4714, 0.121244, 5.95577)

[node name="Bush2" parent="Environment/Other/Decorations" instance=ExtResource("7_8t7xo")]
transform = Transform3D(1, 0, 0, 0, 1, 0, 0, 0, 1, 5.75222, 0.121244, 17.0487)

[node name="OrnamentalGolfCart" parent="Environment/Other/Decorations" instance=ExtResource("11_l3ify")]
transform = Transform3D(-0.999483, 0, -0.0321435, 0, 1, 0, 0.0321435, 0, -0.999483, 1.49326, 0, 12.9681)

[node name="OrnamentalGolfCart2" parent="Environment/Other/Decorations" instance=ExtResource("11_l3ify")]
transform = Transform3D(-0.999483, 0, -0.0321435, 0, 1, 0, 0.0321435, 0, -0.999483, -0.43869, 0, 13.0297)

[node name="SceneGolfCart" parent="Environment/Other/Decorations" instance=ExtResource("11_l3ify")]
transform = Transform3D(-0.930379, 0, 0.366599, 0, 1, 0, -0.366599, 0, -0.930379, 1.70609, 0, 1.00574)

[node name="golf-bag2" parent="Environment/Other/Decorations/SceneGolfCart" instance=ExtResource("18_dgp7q")]
transform = Transform3D(-0.930379, 0, -0.366599, 0, 1, 0, 0.366599, 0, -0.930379, -0.255798, 0.525879, -0.954162)

[node name="GolfBall" parent="Environment/Other/Decorations/SceneGolfCart" instance=ExtResource("6_figgh")]
transform = Transform3D(1, 0, -2.08616e-07, 0, 1, 0, 2.08616e-07, 0, 1, 0.106413, 0.549927, -1.12358)
physics_material_override = SubResource("PhysicsMaterial_fdefp")

[node name="GolfBall2" parent="Environment/Other/Decorations/SceneGolfCart" instance=ExtResource("6_figgh")]
transform = Transform3D(1, 0, -2.38419e-07, 0, 1, 0, 2.38419e-07, 0, 1, -0.0478041, 0.549927, -1.12409)
physics_material_override = SubResource("PhysicsMaterial_fdefp")

[node name="GolfTee2" parent="Environment/Other" instance=ExtResource("5_eb384")]
transform = Transform3D(1, 0, 0, 0, 1, 0, 0, 0, 1, 12.5655, -0.0059959, -1.38626)

[node name="GolfBall" parent="Environment/Other/GolfTee2" instance=ExtResource("6_figgh")]
transform = Transform3D(1, 0, 0, 0, 1, 0, 0, 0, 1, 0, 0.172015, 0)
physics_material_override = SubResource("PhysicsMaterial_fdefp")

[node name="GolfBall2" parent="Environment/Other/GolfTee2" instance=ExtResource("6_figgh")]
transform = Transform3D(1, 0, 0, 0, 1, 0, 0, 0, 1, 2.11543, 0.172015, 1.26453)
physics_material_override = SubResource("PhysicsMaterial_fdefp")

[node name="Wall" type="Node3D" parent="Environment/Other"]

[node name="BackSection" type="Node3D" parent="Environment/Other/Wall"]
transform = Transform3D(1, 0, 0, 0, 1, 0, 0, 0, 1, 1.01437, 0, -20.3014)

[node name="BrickWallPillar2" parent="Environment/Other/Wall/BackSection" instance=ExtResource("5_180vv")]
transform = Transform3D(1, 0, 0, 0, 1, 0, 0, 0, 1, -3.54666, 0, 6.77649)

[node name="BrickWallSection" parent="Environment/Other/Wall/BackSection" instance=ExtResource("6_w7cal")]
transform = Transform3D(1, 0, 0, 0, 1, 0, 0, 0, 1, 0, 0, 6.77649)

[node name="BrickWallPillar" parent="Environment/Other/Wall/BackSection/BrickWallSection" instance=ExtResource("5_180vv")]
transform = Transform3D(1, 0, 0, 0, 1, 0, 0, 0, 1, 1.18647, 0, 0)

[node name="BrickWallSection2" parent="Environment/Other/Wall/BackSection" instance=ExtResource("6_w7cal")]
transform = Transform3D(1, 0, 0, 0, 1, 0, 0, 0, 1, 2.37414, 0, 6.77649)

[node name="BrickWallPillar" parent="Environment/Other/Wall/BackSection/BrickWallSection2" instance=ExtResource("5_180vv")]
transform = Transform3D(1, 0, 0, 0, 1, 0, 0, 0, 1, 1.18647, 0, 0)

[node name="BrickWallSection3" parent="Environment/Other/Wall/BackSection" instance=ExtResource("6_w7cal")]
transform = Transform3D(1, 0, 0, 0, 1, 0, 0, 0, 1, 4.74653, 0, 6.77649)

[node name="BrickWallPillar" parent="Environment/Other/Wall/BackSection/BrickWallSection3" instance=ExtResource("5_180vv")]
transform = Transform3D(1, 0, 0, 0, 1, 0, 0, 0, 1, 1.18647, 0, 0)

